INDEX NOMINUM,

...n-a·—

66666116.

66616416, 411, 416.

Adrianus 11. 4, 66,66,16, 116, 161, 616,
616, 666, 661, 666, 661, 616, 666.

temtum 11, 66.

66661116 regio 461 66 666.

66166 666, 666, 641.

Almo 66 16611616 61.

6166666166 411, 441.

6166 Unum. 166, 661.

61666166 dux 46, 66, 661, 666, 116.

61666666 marchio Brandebnrmuie 64, 66,
666, 666.

6166616 666. 6611166 661, 666, 644.

6161666666 1666666166 dux 664, 616, 661,
666, 664. 116 66 666.

6666616 666.

6666611666 66666616 166.

66611616, 666.

6666666166666 41.

6666666166.

Ariminum 461.

6666111666 6666. 661.

66661666 66. 1666666. 161.

66616166 666.

6666616 616.

6666166666 666, 661.

666666666 66166. 6, 6.

6616666616 66166. 616.

1166616166 11, 166.

666661661161 6666661666 666, 466.
11661666 164, 666, 664.

16616166 61.

6666666666 66.

1166616166, 461.

66666166 66666 666, 668.
6616666666 666.

66116166 66111. 666.

1166666666 66.

Bobium 416, 411, 416.

6666661 161, 111, 614.

6666666666 464, 461.

Bona 666166 16166166 666, 666.

Bononia 666, 666, 646, 666, 466, 466,
166, 416, 411, 416, 461, 466, 461,
466, 464, 411, 416, 161.

6666666666 6666166 16, 614.

- 666661666 611.

6666666166 666 666666 6666611 166166, 616,
666, 666, 661 66 666.

66666616616666, 666666 8. 16611 606.

6666666666116666166 616, 166, 661, 666,
666, 666, 666.

166166 66666166 661, 666 666.

666666666666616 marchio, 6166 61666666.

- casimirus 666.

6616166666 166.

6661666616 episeopus 66.

1666611666 1166666666 161,166,166, 116666.

6666661666666 66666 164.

1166666616 6661666666 16.

666616 6666 (66) 166, 616, 616.

6666666116, 411, 116, 161.

661661166666 664, 416.

661666 441. 144.

1161666666 camillus 664.

66116666 11. 114.

Camerinum 416, 446.

Campatius 6666. 11, 16,11, 16, 61,11,
11, 666, 666, 146.

(6666116666, 6166 6666166616.

66666666 666666 1666661666 616.

Cupis (66) (1661666 666, 661.

666666666666166, vide 61661666.

(1666166 V. imp. 61, 66, 66, 66, 14, 16,
61, 66, 66, 66, 64, 66, 61, 11, 66 666.
66, 66. 166, 161, 166, 161,166, 166,
111, 116, 116, 111, 116, 166, 166,

 

