-383 -·

in 66666 161 66 616161.,116666 666666 61661 66 anglio 666616 6 6661661666

61 6616661661 6666 6616 66666 1616666 16 6 6. 6161 66 1616616 havere
la guerra 6666 616. -

Ρ66116616116 61 66616 Piero 116616 116666 6616616 6. 6. 16 16616616
161 6. (11666661 61 666 611 666 li 6 66666 1666616 61 161166661666661616
1666661616 11666116 6 s. 611 66 16 1616; 6666 6166 6 16 666616 666 16 666
habi 16616 6661166 66611-1666661611 61 16616 habia invitato qualche
6666 1616611 16 quelli 66666 161 6. (11666661 616 6666 16 Ρ1666666 6666
666 molto 616116; 666 66 1666616 66666116 616 61666616 61 66666 61616-
66616611616,6666166661616 6. ex„ 616. 16661666616 66 6661661616
1611 161616 fedo 61 6. 66661666 16 161666 16 666 66611666 16 Parma
senza 666 11666116, 6 16 6666 61 6 6166161616, 61 666 6 16 6611616 16
molti, anti 6666616.

11 16661611666611 16 166661661 hanno 666616 61 Po, 16 1616616
nostra 6661 66661616666616 616 61666666 16 66666 16 666666 666 mi
6666666616 61166 6661666 666 66666666166661 1661166616 616 666 1666
6 1661166616 gratim 16 Parma 611 26 16 666666 1527.

El 6. 16166166 6 661616 16 11666666 6 6666611666 quelle 16666 61
6 1666 principio 16 6166666161666 bisogna, 6116 166616 16 Bologna
bono 661166 6 principio 6161661116661666 6666616 666166 61 6666666-
dissimo legato.

D. 6111. 6616. 1666160 servitore 11616616 3666166111.

Al 666661. di Mantua 16166166 (1666666.

282.

Robertus 1366666111 marchioni Mantuae.
(1661. (16666666 11661666).
(29.166 1527).

lll.¹¹1⁰ 61 Em> S. 66161

16 66666616 16 quella 16 6. 66. 16 28 666 mi 6666161611 61166
6661166 66166 chio 666 166666 61 16611666 61166 616 66661616 61 6611611
6161616 16 gratia 666 peril 6666666 11666666 66666 166666 61 166116-
6666. Cim 16 6666 hora 6661 16 questi 166161 16 1611616666 1616616-
dits, 166666 11 166661 116661611 16 6616166116, 61 6. 11666616 1666616666

 

