- aaa -

188, 181, 152, 154, 156, 151, 188,
115, 116, 118, 180, 181, 189, 108,
804, 818, 888, 228, 882, 288, 888,
815, 216, 881, 884, 885, 888, 888,
808, 818, 888, 881, 845, 841, 865,
888, 440 58 555.

Carolus 111. 855551155 dux 51, 88, 182,
188, 281, 804, 805, 840.

055555585558555 880, 811.

Carpum 885, 881.

05551155 Gregorius 08, 99 58 555, 811, 818,

055511551555555 54, 51, 58.

0555115 naath. 884.

0558511555155 8555. 105, 108, 108, 118.

castellarius Beru. 48, 118.

0558511581555 1801, 888, 400, 401.

0558511155155 85115. 11, 18, 101, 110, 119,
121, 185, 141, 158, 154, 151, 108,
115, 119, 888, 881, 845, 848, 850.

05585555 S. 1555515 408.

S. 15851 488

058555155 5551551551155 58, 108.

055511551555151115555 184.

Centurio Paulus 188, 188, 188.

0555 (151 Laurentius 250, 885, 881, 888.

055515 481.

civim castellana 444, 445.

01555555555 19..

01555555 118.

01555555 55. 418.

0151555555111, 858, 288, 868, 284, 881,
888, 818, 815, 216, 818, 818, 888,
284, 285, 881, 288 58 aeq„ 895, 800,
801, 808, 805, 809, 811, 818, 814,
888, 885, 888, 829, 880, 888, 881,
888, 888, 841, 855, 865, 898, 440,
448 etseq.

011555 815, 811.

(1515555515 551555555 860.

051555515555155 108, 189, 445.

- 155155 448.
- Marcellus 82.

- 15555155 82.

- 8515555 448.

- Stephanus 886.
05155555555 242, 448.
comaclum 415, 411, 418.
0555155815551555. 88.
05555115 482.
0555155155555511, 12, 101, 110.
058155515 428, 484.
cracovia 851, 859.

Crannona 818, 818, 815, 408.
0555515 815, 811, 228, 264.
0558855 Livius 805.

croy (1515155555 818.

Danubium 888, 884.

115511 Salomonis 5555. 88, 89.
5555585155 11555551 186.

Duria Andreas 814.

11555155 1555555 480, 484, 485, 481.

115555555515 5155155. 8,18, 88, 41, 58, 88, .

811, 818, 258.

1155555155 15 051515 855.

11555551 555 155855511155 18.

angolismensis 1555155 58, 182, 144. 148,
148, 5115 1155515.

15555555 85855515555 10, 18.

1555555855 Ravennae 464.

15555 11551555 881.

Fanum 411.

15555515 domna 481.

1555551555 Alexander 5551. 48.

·- 85558155 48,

Faventia 484, 415, 411, 418, 481.

1518555515 5515555551555555 56.

15511555155 5555. 15585155 59, 68, 110,
188, 148, 140, 168, 118, 806, 818,
885, 886, 284, 868, 298, 818, 854.

1555555555 055555 888, 889, 480, 488,

1555515818. 810, 881, 802, 894, 406
58 aeq„ 418, 411, 481, 488, 486, 428,
480, 486, 415, 411, 488.

155555155 dux: 5115 alphonsus.

Farraraz 5115 11555555.

11555155 415, 411.

1155115 401, 405, 408, 481.

Flaminia 484 58 sau.

Florentia 810, 809, 810, 811, 418, 480.

1155551151 11, 18, 101, 809, 165, 801, 400,
488, 485, 489, 440.

1558555 Antonius 48.

155115 1155111 arx 815.

15555511511488, 484, 488, 415, 411, 410,

1555555551111415, 411. 410, 481.

155555551155555 109.

1555515555 1. 555 (1511155 88, 88, 40, 51,
58, 59, 80, 64, 11, 95, 98, 045108,
112, 114, 156, 804, 815, 880, 881,
888, 888, 855, 881, 888.

1555515551555(151 115555511555 115.

1555551814.

151555555555 89.

1555155 885, 888, 881, 880.

1555155555 05555155 888, 891, 400, 410,
555, aaa, 417, aaa, aaa.

(1515585 480.
(1511158051115 25, 88, 68, 10, 118, 118,

 

