- aea,-

1611666 161 signer 66616 (16116 661611166166616 li lanciehineeehi
66666 61130 161 666616, 66661116 Trebia 66666 Mei 61 611 29 1616 16
6661616666 616611 66666611 66666 666616 61 Po 6111 11 66666616 66
66666 166166166666 16 661166 611166 6161 16616616 giorno 666666
Ponte 66116 666 66616 1611 16661611666611 61 6666616 0616 66666 aa·
valli 166661 616666666116666616 61 666166666666 666 16 campagnia 16
(1611616166 61 166661661166661 166661 161116 61 66611666 11166616
616666 66611666 16 666111 cavalli 66666 61666666 66116 1616 666 (16116
116166 661 66616666661666 61161116 66161 666 16666161666 16 ragione
161616616 11666, 61 1166 616 6616666 661666 61 6666166 1611666666
616 6666 1616 66 1166 1616; 6116666616 666 616 66616116661666616
61666 16 11666 61 allegiare me 16666666 16661616 6 1666 preparare 6666
61 6166 16 1666616 66666166 16 66116 61 161 66616 (16116 6116 61116
1666 666 ae 16 6666 6161666 66611616 66666166 1116116161 66666 66661
16661 1661.

11 signer 1666 16 1161166 1661 6616616 qua 616 6616 tuta 6116-
grati 6 1616 66666116 161661 666 16666 1611616616 61116 6661666616
66166 16 dete altra 6666 161 16661166 deli inimici, 616616 66 6116616
661616 61 signer 616661666 16 161666 6 661666 legente 666 1661661616
qua del Terre 66616 616616, 61 li 1661166166 6661616666 6616 6666666
66616 66116166 11 inimici 166666 Piaeenza 6616166 16 6611 61 6611616616
1666616 1616616 16 Bologna 66666166 1666166661666 li 1611616166116-
6666, 16 ex. 161 signer 1666 6116616 6166 6616166166 legente artegliaria
61611666666 666 66166661616 6 Casalmazore 666 661666 66666161 66-
6116666666 661 6 questo 6 16 6616166116.

1161161616 66161611666 16 28 161 6666616 16 qual 116666 cheli
inimiai 66666 6 666166 6 1166661666 61 1666616 16116 quella 16116616
66166666, 666 11 166161661616 166111666116 6 perseverane 6166166 666-
11616 1616666666666166166666616 per 1616116 166616 611666116 61
6616616 666661666 6 questo li 666161 16666 caminate 666 16 61666116
666 66666666616 1666661666 1661166616 6616616661666 16 61666616, 61
611666111 6 66616 16 11666 arbitrie.

Arive 6 11661661 signer 066666166616166666, archiepiscope de Capua
61 generale 16 6. 116666666, 1661666 666 66666661666 generale 1661616
666 1611611616 666 66616 166166 16 qual 666 quante 66 1616616 66 6·

 

