-411-

1161616 166611. Dollo 6661611666 61 cavalli laggai 61 616 6611616 11
6161161616 661· 116161 ’16616116 616 61616 61661616 oom' 6116 66 61
6616661616 666 166116 desiderio 61 oon speranza 11166 11 6161161616
611611116 1666 16661616 61 1661616 1666616 questo 61616116 16 666-
16616 61 61616616 16 16116 6616166161116661 61 661 161 eausa 16166616
16 16 221616 616 24 6666 61616 611616616 molta 6616666116 116166616
16’ 161616161611616116 1166116 alemena . . . 61 66111616 66 6111611-
1616 oon molto 61166116 (116116, (116116, (116116. 11 616 offendo 16116-
111616616 61666166 6166161611 666661116 61616 1611616 161111 6611611-
1166166611, 6611 616 1666116616166616 66 666666616 61 6666166161616 ’
61616116 1661666616111161616 16 6616 616116611666. 1666616 1161666166
66116 61166 un'hora di 6616661 6116111166 166 66116166166 66616166,
66616 616 166 6616666 difficile 16 6616116 6161616 61 616 16 6661666616
6661616166661616 16 8166661666 l’homo 16111 116611116116 1616 ’
66611616116 di 111666. 111. 1616166611116 666116 16 11161116 camerino

· 6611 61611611611116 616 1’ infantaria 6666611616 61 616 matinata 61 gia

66161661616611611616 6616 616 61661666616 . . . 6116116 6661 1666
66116 616 ’166661666 1616616 6666 1166 6616166616 11 una . . . 61
6666111616 61166616166616 161 616661 16116 6611616116 ionten03 ma*
fu 6666 miraoolosa ohe soampaeee 16116 1116611616, 6611 61661666 16
166 numero arohibueiari 61 661 forae 1666161616 61116116 116. 61.61’
16 ero, 666 16616166616 ohe 6666 116166 1166616161666161666 Borbona
Borbono 61661616166 6. 61. 661 6661 11616 611666 6661616 61 111116
1616166616 66 16 aoeeeero trovato 616611 1616116116 16116 116616661616
16 1116; 166 Dio non 16 161616 616161616611666 61116116611166. Due
6116 6661666616 16 8666111611 veneno 16 1611 61166616166611 6 66166116
111166616166616 61 6611166116 instantia. 1111 6661111616161 16 6. 61. 61
6 661 altri 6611 fecero alcuna iniuria 616 166 molta paura 661611 6616616
6611611616 666116161666 11616616161661 16 16 11166116, 16 16 66116 61
1111 muri 1616 6661616 16 16661616 616 ’l ambassiatoro 16 Siena 61
l'homo 6161616 16166111161166161611161666 16666166161161166 166- ·
oomandorno 6166111 8666611611 661611 11 6611666616 61 permisero loro
616661 66111. 16 6116161111 16611116 1616161661166 111616 61 66616161
consentire anzi sonai 16 6611166 66161166616666 denari 16661616 61
66661161611 ee 16 16616 661616 16161616 616 6666 66616 non me 66-

 

