-481-

133, 146, 113, 358, 385, 310, 833,
188, 848, 888, ele, 888.

(lembore 1181 11588188 313, 338, 340.

(1811188818 (do) 1188181888. 13, 103, 101,
111, 118, 130, 133, 133, 135, 333,
343, 441.

381118881814888888. 313, 334.

(lenione 0. 334, 336.

0858888 103, 135.

lienus 81 (lensenses 30, 315, 403, 410,
413, 431, 430, 443.

(1818818888. 411.

3818188 dux 138, 333.

Germania 1, 14 81 seq, 33, 13, 15,11,
138, 133, 136, 133, 145, 143, 150,
151, 153, 113, 113, 116, 333, 380,
334, 334, 341, 355, 315.

‘ilbertus-J. 11811. 301, 311, 385.

3888888818 episeopus 143.

(188888811888188 435.

- Pyrrus 438.
- sigismundus 401.

38888888 principos 430.

Gregorius pp. 413.

(insonae 11, 380.

38881188 Hieron. 118.

0881188188 88188. 1188888 414, 416.

(1818818811888 38888. 153. 333, 311, 415,
433, 435, 440.

(1881888188 305.

38118881811 383.

38188111 10, 13, 8181888, 133, 134, 385,
313, 386, 388, 430, 431.

388818881111. 1881188 rex 3, 5, 1, 40, 41,
51, 56, 51, 60, 64, 11, 33, ioci, 103,
136, 300, 318, 336, 340, 313, 316.

38881888 1111888888, 413.

38858881818318188888188 358.

3888888183, 301, 304, 306, 333, 361.

38188818 353.

Hierusalem 18.

Hildssomensis 88188. 363, 305, 854.

31888818 36, 31, 10, 15, 164, 161, 113,
331, 343. 353, 384, 335, 318, 341,
863, 315, 318, 411.

1181188118 135, 136.

38818188 Lupus 111.

18885883188881888188. 33, 33.

illyricum 131, 138.

1888181818 436.

188818 433, 433, 433, 415, 411, 413, 483.

1888888818 0881818888 335.

loannes 111. rex 388188811188 13, 30, 31,
38, 184, 336, 341, 353.

188188 3888188 443.

1181181, 18, 38, 41, 50, 64, 69, 10, 31,
106, 101, 110, 111, 118, 113, 136,
300, 301, 304, 305, 301, 333, 339,
341, 313, 311, 801, 303, 303, 314,
315, 333, 336, 345, 351, 365, 366,
433, 438.

1881881301, 333, 311.

18118811. pepe 30.

188888118181. 13, 33.131,303, 313.

3888188 Cerol. prorex Neapolis 3, 8, 31, 45,
51,101, 108,113,116, 130, 134, 130,
163, 138, 361, 333, 301, 314, 335,
338, 331, 333, 868.

18888818 1888888 151, 303.

1881888 383.

1888181881888888 111.

18888888133, 135, .

leo 14. 3, 3, 30, 36, 143, 183, 353, 366,
331, 313, 365, 833.

leodiensis 8881. 135, 131, 133.

leonardus 18888. 366.

1888818188 384, 400, 413.

lingoniensis 88188. 315.

1111888818 356.

18188818 nomos 1881881888 331, 333, 433.
- - 18. 38811818 401.

38818808888. 181.

[8888881118 dominns 808.

181188188188 8881. 380.

[81818888888188818 380.

18888888888 83.

luces 815, 443.

1881881888 de 08881818, vide 8888888 dux.
- 38888888888161,111, 180.

18818888358.

1811888851, 18, 344, 848, 353.

lutherani 34, 86, 13, 14. 15, 35, 138,
143, 144, 148, 150, 110, 181, 334,
383, 334, 334, 358.

388118881188318. 153.
magdeburgum 13, 16, 383.
1181118153353. Ι
1181818188888 familie 335.
1181818188 088888 336, 338.

- 1888888336, 331.

- besontionensis,
38181818881888888 183.
14881888 88888118 343, 381, 388, 330, 333.
1188888118 ench. 48818188 135, 136.
383881888888 358.
3888881888 Frons. 313.
3881181888888 38888888 413.
Menona 403, 404.
118881118 304.
18188888180811188 103, 116, 303.

 

