-315-

9191 991919 1919 9919919919 919999 (991999. 9. 11999 99999999-
dadon, yeorno muchan 99999 9 11919 9. 9. 999 11999 999919 99199999-
99199 99991191 eon lamareed que de 99911999 9991999 99 mundar (999
99 me 19 9991919 19 (19 alla que 99999119 augmento, speroque 91999
119 999 1999 9. s. 9999999 por (9991999919 999919 99919 (19 19 mueeho
9999 99 9999191919999 9991999999999199999 1919 1999111919 re·
99999919 919 (999 9. s. me 19 99991919 9999919, 919999 me 911911999
9 9999999199, 99 999 ligura que 9919 99919919 999 19 tomedo aon 91
999 19 Francia 19 99919 9999 99 99999919 191999999199, 999 919919
a. rn. 9999 observante 9 99999999 fijo 19 9. 1. 9 1991991919 9. uelamen
que 19 tiene aon 19 (9991 jannae puae ny 99 1999 ponar (1919, 99 99
19919 19 pensan que v. 1. 9199999 9999 99 detrimento 19919 eausa 99 .
911999 99119 1919 (9991 consiste 1911199191 9 reposo 19119119, 999 9999
19991919 9919199919 99 199999 jamaa 99 m. 99999919 (1999991999
199 1999999 (999 Diua 19 19 99991919 9 999 999 9199 19 9. e. 19 (9991
19919 (991 19 saida prineipal aaudillo para amparar 919199199 91 1199
999999, se 1999 agera 1919 (11991191 9 9999199199 9199 99991999 999
jamaa 199 999999919 99 99999999 919919 perturber 9 9919919 99 1999-
miniosa 99991191 9919 11199191 1911919, 999199 9999 999919 91 sangro
19 99119999. V. 9. 999 99 91999 prudencia 99919 consideran 91 991919
99 (999 por ello 99 penen 199 99999199 generales, pero penae (999 9. 9.
19 (9999119 999919 imitar 9199199 prudente 19 (99199 Χ919 9119199199
99999919 99 91 evangelio, que 9999199919 91 lijo que 19919 991919 di·
999999 199 maiar 91 911919 99919919, 99919991991919 99999199 1919-
mentae-ion (999 por ello ae 1999 91 9199 lijo (999 991919 1199999 peon
991999 9191199919 19919 9999119 91Ι 919999 19 99 991999 9119991919
19199999, perque 19919 19919 991999 9999991191, 9 19191199 19919
199119 9 99991 199119 perdide 19 99999999. Aaai 9. 9. (999 19 hellade
99 91 9999999199 1919 91 99999919 9 91999999919 (999 99 991919 1999999

99 99 999191999 fijo 199. 1. 9191991919 apostoliea, 19 (9999119 agera
99999999999 9 99999 999 fijo 91999 19 1199919. Festa qui 19919 99
fijo 9 99999 teme (aie) (1999 pero 99999 991999199919 9199999 fijoe 999199
19999 9 999 991999 mas 9999999919 999 91999, 9991 speroque el emur
quael emperador‚ poatpeniendo 19199199 particular 99999919, 19199119
91999999 9 r. 1. 99 19 pagara 9. 9. 99 19 misma 9999919, eonespendien-

 

