-308-

616 116116 Mons. 16 1611611116. 11116616 1161116116 66116 61 666611-
1611616 116 61111 6661611616 161611666616116116 1161 16161161111-

1161116 66116 16 quale 1116 1611616161616161
1161111 16116116616161. s. 116611 1166 661611616, 6161661 6. 1161·-

61666616 1616 616116 61611616 1616666 1161 11111616, 116161 111
61661616 11611611116116116 11116116 11611, 1161611 66116 16111111
venuti morti assai, molti tornati 11161111, 1611616116 1611166111
altri 11 1611111, 611161 116616 1116116116 66 16 16 gran numero, il

616 6. Exn. 1166116161 11161616 1611611111666 di 11616116 616 16 visu 616
16 661611616 161 1616116 1111 616 itm·

Qui 1661161116161611 16111 61 61116 61 6116 16111 16116 16116
66116 66 v. S. 1161 havet 16 61616116 11111116, 161161116 11616161 6116-
1616, 61111116 alli 111611 616 prima 61 61616166 16111 16611611 61161
161116 116116 il 0th⁰ 16111 61 6666116116 61 1161 1’ 6666116 61 16111666
di vittuaglie 11 1616 661116.

flam 6. 1116. 111666 1611116116 616 'l sig. Gio. 116166 11611616
in 661116 1611611661 161 116616 16161116 6116 11 661116 6161611616
1161 1611616116, 11 61616116 1161116 negare.

1161166111616616 1111661116; 116616 11611111 Μ666. Β611611116 quale
16166 161116 11 mia compagnia 1161 161 6161616116 6166116 161116611
66 16 16116 1616666116 61661 161116111161116116 61616 6616116161
61616 16166661 61611 1161611161 occupati 11611 111616 16116116 6
16116 6666116 16116661611. R 111116 161116 161 S. 1161616. Sto
66111611611 6616116116 6161111611116116 16116, 616 611116 11611111.
16661 1 61611 (1111.161 6661616 6611611161 11666616 alla 11111.

81616116 16166 16 611166 1616 11 signore Μ6161666 1611616 661
61166 31116111 6 1616 16666116 611611 1666 1611616 qui 14111116
intendendo 666611161 66116 0611116111ὴί6 6161116. fermo 6615016116
161 66 quello 6611 seguino, ma 1161611611 61616 16116116 6661111611
66161166 1161 111116 6116 1611616 66111611. 11611611 alli ix. 16
1161611116 1111111.

11111111661116 666
(116. 11611166.

 

