- 00 -’

1100001000.

1001128.

110010111οι0οε imp. 120, 204.

’ 11001010 (lu) culusum 250.

- lomnes 040, 040, 088.
- 1000000 luceius 178.

Mediolanum 51, 50, 64, 200, 201, 204,
200, 241, 270, 200, 002, 010, 020,
067, 068, 070, 074, 075, 070, 001,
020, 402, 410.

1110000010 400.

1000011000 0000. 70, 76, 175, 000.

11000000 (00) 000 242, 244, 070.

11000ου0 Hieron. 000, 417, 412, 400, 402.

1100001100 000 102, 104, 185,187, 050,

1101100 124, 105, 040, 040, 071, 072, 402,
400, 405, 410, 464, 475, 477, 410,

00010000 01000 07.

110000010000 225.

11000110ιο 1110000. 004, 005 04 000.

0000010400 801.

Neapolitanum rurnun 40, 51, 52, 50, 04,
05, 00, 105, 242, 250, 204, 010, 000,

111010 250. 001.

111οο1000 00. 0000000045, 50, 51, 58, 54,
50, 50, 60, 121, 207, 004, 012, 005,

1110000010. lr. 00.

1100001010 427.

Nori 006.

0000500000ιὶ0 010010 10.

0110001000. 220.
0001100 0οι 20.
00000100 00100000 256, 002, 412, 417, 408.
0040010001 001000 114, 020.
0110 ill. 10000. 480.
0000100010 00100. 71, 220, 202.
oxonium 0011001010 050.

20000008100000. 1, 7, 0, 0, 026.

2000001100. 202.

pfldum 8190

2010001100 444.

20010 51, 04, 08, 22, 008, 012, 041, 004.

2001010000 parlamentum 144, 140, 148.

2000100010 universitas 147.

20000 42, 150, 102, 070, 071, 078, 001,
100, 402, 464, 470, 477, 470, 402.

2001000110 464 01 001.

2000110 (tle) 000 000

21000000 401.

2100010000 1101011100 11.

Pluris· 01000110 100,112,177, 101, 006.

2010100010 00100. 112, 110, 114, 100, 001.

210041100100 000000 00101 24, 200, 267,
007, 007, 402.

210010110ωο00 mu. 401.

2100001100 06, 27, 150, 102, 010, 041, 078,
0000,0000,0040,00
004Π,0040.

20100010 00100. 251, 026.

2010010108, 142, 164, 170, 180, 106.

20100 80010010. 1.

200000010001000100 058.

2011000111ιο (001110ῐοοα0 242.

2000000100 run ride 5000000 111.

2000010 05, 00, 105, 208, 152.

Pyrrus 00 01010000 177.

1100000100 (luido 2.

20001100 Petrus 41000100 40.

200000000010 010010 74, 70.

Buranun 402, 440 01000.

2011112001οι 000.

Regium 072, 005, 401, 400, 404, 421,
464, 475, 477, 470, 402.

11000001ωο01οω00, viclo 00000101. reru.

Rhenus 000. Aenilinu 420, 408.

liliolus iun. 17, 01, 100, 208.

111010000ου0 162.

141001010οι Fertur. 450 01000.

01000010 00100. 052.

Romu 002, 084, 080, 401, 402, 410, 412,
410, 420, 421, 440.

11000000 Hieron. 01, 25, 06,111, 124, 141,
144, 151, 207, 217, 225, 054, 057.

1100001100 lo. 050.

20100000000101011100 250.

1 liuban P. ll. 400.

11011100 1100. 401.
1100114 111011. 200.

0010000100 (lun ride 0000100 111.

¹ 0000000000,0010,01

8010000010 52, 61,-02, 114, 104, 008,
011, 014, 020.

001000011ου0 00100. 24.

0010111 00001110 080, 408, 410.

1101010110 (0010000. 105, 170, 100, 102,
254, 220, 010, 010, 122.

0010100000εο card. 208.

0001100010 00100. 84, 06.

000011 1100410110 000100010010114000001 20.

000010020100010 2010010 406, 402, 440.

00000100 (lux 00010100 000.

00010οι10 00100. 182, 184, 180, 187, 056.

Scotino rex 40.

50000 4000401100 4, 5, 0, 2, 10, 20, 00, 04,

 

