- 666 -

249.

Ι Prorex Neapolis Clementi VII.
(1111. 66166. ΠΙ. 50).
(19.1166111 1525).

El obispo 16 Ρ161666 66616 llegedo oy 6661 me ha 11616616
66666 sabia 1616 alegrie muy 6666116 666 v. 6. 66611616 161 161166
66666666 16616 66666666, 6 666 166666616166166 666 6. 61666 6666166 Ι
1666 6666 1661166616 666 6666166 6166, 666 6616 66 teugo 666 16616
666 666 6666 66666 6666 166 16116616 6 61666116 61 66661616 16 6. b.
16 666 Dios 6116 6166 16661666 66 algon 666666661616616 16166 16-
66116166 6 6666666166 666 66616666, 666 6616 66166161 666 la 6661 66
661666 6166 mes 6166166 6666116666 666 v. b. 11666.

Quanto 616 66666166166 general, 66 he dicho 61 obispo 16 Ρ161666 ’

1616 16 666 666 6666666 66666 666 mes lergamente 166666 661661116
6. 6. 666 6116666616 6666616616 6 6616, 6666 16 666 61 presente 666166
611666616 Sesea, 616666 666 6. s. 66 determinare luogo por 16166

6666661666 66 66666161 666666166 larges 166166 66666166 6 16666665
6166166 666 6616616616 6166111666 6611666166, 6 666 6616 66661166 hu·
6611666166 v. 6. 666 teugo 6666 bien 16 6661166 luogo 61 6666616

666 666 otras 16 he 16616 66166666 66 66666166 pere 66616 6 66666
16 -que 66 166661666666116 666 666 66 articulo 66666 661166 11166166,
6 66666 6661661666 66661166 16 6. b. 16 1166 616 661616 666 6666166666
66616666 666 166 16611616 seete 661 6616 66161666 6661616666 6 166 hallero
61616666 6661616 Ι61166116116166166666166 6 66 66661616 . . . De Milan
6 xviiii de 116666 661666.

ΕΙ 61666 16 16666.

250.

1166616 Franciae regina Clementi vn.
(1111. 66166. III. 51).
(20. Martii 1525).

Votre 66161616 6 bion 666 66166166 16 61166661 1661666666 66116
quoles 61161666 16 666 66166166661666 6616666661116 66166666616-

 

