-489 -

85, 89, 44, 45, 47, 49, 51, 55, 58, 59, 8515111968.
61, 69, 65, 69, 74, 78, 79, 81 58555.. 11505115155555 89.
81, 99, 88,108, 190, 184,148, 154, 0555115 97, 186, 186, 187, 168, 179,
184, 188, 199, 198, 195, 919, 999, 187, 908, 911, 918, 914, 991, 995,
997, 998, 986, 840, 948, 957, 977, 986, 967, 940, 941, 949, 944, 860.
800, 810, 817, 958, 888, 894. 0151511155 918, 807, 889, 898, 400, 487.
85555515 511. 800 888, 411, 485. Ursini 104, 105.
85555555115155155155. 178, 180.
8151851155515555 dux Mediolani 96, 410. 75155 0511155 888, 998, 498, 489.
8155555055 15115155155 148, 160, 171, 7511515558ἰὶ dux 905, 951.
187, 908, 998. 751551551 84.
81115 11155551 14, 90, 98, 99, 80, 168, 164. 711555 895, 896, 404, 487, 488.
8115555 55155. 1151555. 478. 75151155 171551. 899, 404, 440.
Sirmium 868. 755811 51515515 499, 497, 488.
8155155555 857. velitrensis 5151 984.
851515155555 80. 75558149, 48, 54, 197, 951, 978, 979,
8515515155111111115 190. 807, 850, 818, 818, 878, 881, 888,
851155 1115585 995. 890, 891. 898, 409, 419, 497, 487.
8815511555 75. 179. 75555155 85. 188.
8111155155515 5155. 868. 75155188555. 169.
81155155 dux 105, 118,190, 187, 999, 917, 751555 978, 890.
989, 891, 850, 851. 7515555515 55115. 58.
85155515551581 17. 75151555155115. 81, 89, 88, 84, 85, 88,
8155155 rex 181, 859. 194.
81511 178. 71555555 51515. 895, 896.
8111551511 555. 88. 715515515181511155 9.
7158511555551115 87, 990, 991.
’1551511115 411, 419 51 5511. 490. 7515855551 486.
1515855115 5155155. 849. 71111511 115 71515 40551 Phil. 81, 159, 100,
’115155855115 5155155. 89,40. 857, 851, 859. ’
’11515155111 55111. 179, 909. 71151115 (1517185551 117, 818, 885, 886, 887.
Tridentinus 55155 86, 141, 908, 854.
’1111518155 55111. 950, 885. 171151515551155115. 99, 100, 109, 940.
’151555 15, 17, 18, 18, 99, 87, 55, 56, 80, 175155175511511 1115 1155155. 5155155.
61, 67, 86, 97, 98, 100, 190, 199, 185, 175151115555 5551558551 984.
180, 188, 147, 157, 1655169, 168, - 1155158515 19,
165, 170, 914, 915, 917, 919, 991, wormatiensi· 55155. 88, 40.
994, 981, 941, 949, 988, 965, 910,
980, 899, 848, 851, 869, 876, 890. Ζ515515551155155. 998.
’15155115 85. 8111511111. 861.
’1115555555 77, 108, 184, 195, 948. 8115555555 5511 15555555 89, 189.
155515 891. 8115155 55551 817.

 

